458
9
16
30
44
57
65
68
77
83
93
98
119
120
122
124
125
126
131
133
135
138
140
142
143
144
145
146
155
162
163
170
171
175
178
181
190
195
198
225
228
230
234
238
239
241
245
248
263
267
268
280
291
311
316
317
321
328
330
332
337
341
352
357
359
363
365
367
378
385
388
397
401
402
420
429
431
432
434
441
446
455
460
461
465
468
477
478
483
488
499
503
514
519
535
539
552
554
559
564
572
577
583
590
594
596
613
625
629
633
638
646
647
652
655
656
661
662
668
672
673
674
675
684
692
694
708
713
714
731
740
744
745
749
753
764
777
778
781
786
787
799
802
813
823
824
825
826
842
846
853
855
856
864
867
876
877
884
888
893
901
904
910
920
923
928
939
940
953
955
957
968
970
975
984
986
994
996
997
998
1001
1002
1007
1036
1043
1047
1062
1063
1088
1089
1093
1096
1102
1107
1112
1113
1121
1130
1134
1137
1139
1143
1146
1147
1149
1153
1159
1163
1164
1177
1178
1189
1190
1192
1202
1206
1207
1208
1220
1221
1225
1226
1229
1253
1254
1278
1294
1306
1309
1314
1321
1322
1331
1334
1335
1343
1344
1346
1356
1357
1374
1377
1396
1399
1400
1409
1414
1421
1426
1434
1435
1445
1448
1449
1458
1460
1461
1463
1466
1474
1484
1485
1500
1505
1513
1517
1521
1534
1537
1562
1564
1570
1581
1582
1584
1585
1589
1592
1596
1602
1604
1607
1613
1622
1627
1637
1643
1649
1658
1663
1669
1677
1681
1685
1691
1695
1696
1712
1714
1717
1718
1728
1729
1731
1732
1733
1736
1739
1743
1765
1767
1773
1786
1788
1794
1797
1810
1811
1816
1818
1828
1832
1842
1843
1844
1849
1854
1855
1860
1867
1868
1869
1871
1877
1887
1892
1928
1939
1959
1963
1964
1965
1984
1988
1992
1993
1994
2001
2007
2012
2013
2039
2041
2049
2051
2059
2060
2066
2070
2071
2079
2094
2095
2108
2117
2120
2124
2129
2132
2137
2142
2145
2151
2176
2197
2201
2203
2205
2207
2214
2218
2227
2230
2231
2235
2255
2271
2275
2276
2282
2285
2290
2292
2298
2303
2306
2307
2312
2313
2317
2319
2328
2332
2333
2335
2338
2339
2343
2349
2351
2361
2365
2366
2369
2372
2373
2379
2381
2394
2395
2397
2399
2403
2412
2413
2416
2430
2436
2447
2455
2465
2470
2473
2474
2488
2489
2494
2500
2502
2507
2510
2512
2513
2514
2520
2521
2522
2529
2532
2543
2550
2558
2561
2563
2569
2586
2589
2591
2603
11
0
5
23
32
57
81
96
99
112
122
146
