467
5
9
16
30
42
44
57
68
77
83
93
98
119
120
122
124
125
126
131
133
135
140
142
143
146
147
149
162
163
170
171
175
178
181
190
195
198
212
225
230
234
238
239
241
245
246
248
257
263
267
268
279
285
291
311
316
317
321
328
330
337
341
352
357
359
363
365
367
373
378
385
388
390
397
401
402
420
429
432
434
441
446
455
460
461
465
468
477
483
488
494
499
503
506
514
519
535
539
552
554
559
564
572
577
583
594
596
613
625
629
638
647
652
655
656
661
662
668
673
674
675
684
692
694
708
713
714
731
740
744
745
749
753
764
769
772
777
781
786
787
799
802
812
813
823
824
825
837
853
855
864
867
870
876
877
884
888
893
901
904
910
920
928
940
953
957
968
970
975
984
986
996
997
998
1001
1002
1007
1036
1043
1062
1063
1088
1089
1092
1093
1096
1102
1107
1112
1113
1121
1134
1137
1139
1143
1146
1147
1149
1153
1159
1163
1164
1177
1178
1183
1189
1190
1199
1202
1206
1207
1208
1220
1225
1226
1229
1245
1246
1253
1254
1278
1294
1306
1314
1321
1322
1331
1334
1335
1338
1342
1343
1346
1353
1356
1357
1360
1374
1377
1396
1399
1400
1409
1414
1421
1434
1435
1445
1448
1449
1460
1461
1466
1474
1484
1485
1500
1502
1505
1510
1513
1517
1521
1534
1562
1564
1571
1581
1582
1584
1585
1589
1592
1596
1600
1602
1605
1607
1613
1619
1622
1627
1637
1643
1649
1654
1655
1658
1663
1669
1677
1681
1685
1688
1691
1695
1696
1712
1714
1717
1718
1728
1729
1731
1732
1733
1736
1739
1743
1765
1767
1771
1773
1786
1788
1794
1796
1797
1810
1811
1818
1828
1832
1837
1842
1843
1844
1849
1855
1858
1860
1867
1868
1869
1871
1877
1887
1892
1901
1907
1922
1928
1939
1959
1963
1964
1965
1984
1988
1992
1993
2001
2006
2007
2012
2039
2045
2049
2051
2059
2066
2070
2071
2079
2094
2095
2108
2117
2120
2124
2126
2128
2129
2132
2137
2142
2143
2144
2145
2151
2176
2197
2201
2203
2205
2207
2214
2218
2227
2230
2231
2235
2255
2265
2269
2271
2275
2276
2282
2285
2290
2292
2298
2303
2305
2313
2315
2317
2319
2328
2332
2333
2335
2338
2339
2343
2349
2351
2361
2365
2366
2369
2372
2373
2379
2381
2394
2395
2397
2399
2403
2409
2412
2413
2416
2418
2436
2444
2447
2455
2465
2470
2488
2489
2494
2499
2500
2507
2510
2512
2513
2514
2516
2520
2521
2522
2529
2543
2550
2561
2569
2586
2587
2589
2591
2603
2623
11
5
23
57
78
81
83
96
112
122
127
146
