946
5
6
9
15
16
30
39
43
44
52
53
54
57
64
68
77
79
80
83
88
93
96
97
98
102
104
105
108
111
115
118
119
120
121
122
124
125
126
131
133
135
138
140
142
143
144
145
146
149
154
155
157
160
162
163
165
169
170
171
175
176
178
181
183
188
190
195
198
201
202
207
208
209
212
214
217
219
220
223
225
227
228
230
232
234
238
239
240
241
242
244
245
246
248
249
255
263
265
267
268
270
272
279
280
282
285
286
290
291
293
294
295
311
315
316
317
320
321
323
326
328
330
332
335
336
337
338
341
349
350
352
357
359
363
364
365
367
371
373
375
376
377
378
379
380
384
385
388
390
392
395
397
398
401
402
403
406
420
422
429
432
434
440
441
442
444
446
450
452
453
455
459
460
461
465
468
472
473
476
477
478
482
483
488
489
490
491
493
494
497
499
501
503
506
508
509
511
514
519
531
535
539
541
542
545
548
552
554
555
556
559
564
565
572
577
579
583
586
588
589
590
591
594
596
597
599
602
613
617
618
625
626
629
631
633
638
646
647
649
651
652
655
656
659
660
661
662
668
669
670
672
673
674
675
680
684
687
691
692
693
694
698
699
705
707
708
710
712
713
714
716
720
722
725
727
730
731
735
739
740
744
745
746
749
753
760
761
764
766
768
772
774
776
777
781
783
786
787
796
797
799
802
803
807
808
812
813
817
819
820
823
824
825
826
829
830
843
846
852
853
855
860
864
867
869
872
876
877
880
884
888
890
892
893
894
895
897
899
901
904
907
910
920
923
926
928
932
936
938
940
942
952
953
955
956
957
962
968
970
971
975
979
984
986
990
994
996
997
998
999
1001
1002
1007
1016
1018
1027
1028
1034
1035
1036
1037
1046
1047
1048
1056
1061
1062
1088
1089
1092
1093
1096
1099
1101
1102
1103
1107
1109
1112
1113
1121
1127
1130
1131
1134
1137
1138
1139
1141
1142
1143
1146
1147
1149
1150
1153
1159
1163
1164
1169
1177
1178
1183
1189
1190
1192
1199
1200
1202
1206
1207
1208
1209
1215
1220
1221
1225
1226
1228
1229
1230
1245
1246
1248
1253
1254
1263
1266
1278
1280
1288
1290
1294
1306
1307
1309
1314
1317
1320
1321
1322
1331
1334
1335
1340
1342
1343
1344
1346
1353
1355
1356
1357
1360
1362
1366
1368
1374
1377
1381
1383
1396
1399
1400
1402
1405
1409
1411
1412
1414
1421
1424
1425
1426
1429
1434
1435
1441
1442
1445
1448
1449
1452
1453
1456
1458
1460
1461
1463
1464
1465
1466
1468
1469
1470
1474
1476
1477
1482
1485
1492
1494
1499
1500
1502
1503
1505
1507
1510
1511
1513
1517
1519
1520
1521
1526
1528
1530
1531
1532
1534
1535
1537
1539
1541
1547
1552
1558
1562
1564
1565
1566
1570
1574
1575
1577
1581
1582
1585
1589
1592
1596
1602
1604
1607
1608
1610
1613
1617
1619
1622
1627
1628
1629
1630
1637
1643
1649
1650
1654
1655
1656
1657
1658
1659
1660
1661
1663
1666
1669
1672
1675
1676
1677
1681
1685
1686
1688
1691
1692
1695
1696
1703
1704
1706
1708
1712
1713
1714
1717
1718
1719
1721
1723
1727
1728
1731
1732
1733
1736
1739
1740
1741
1747
1764
1765
1766
1767
1771
1773
1774
1776
1777
1779
1782
1783
1784
1786
1788
1791
1793
1794
1795
1796
1797
1798
1803
1808
1810
1811
1815
1816
1818
1825
1828
1832
1834
1837
1838
1840
1842
1843
1844
1849
1850
1854
1855
1856
1858
1860
1863
1867
1868
1869
1870
1871
1876
1877
1880
1882
1887
1892
1894
1896
1901
1903
1910
1911
1916
1920
1921
1928
1929
1939
1941
1942
1946
1952
1959
1961
1962
1963
1964
1965
1966
1968
1972
1974
1984
1987
1988
1992
1993
1994
1995
1998
2001
2006
2007
2009
2012
2018
2022
2028
2034
2035
2043
2045
2049
2050
2051
2055
2056
2057
2059
2060
2062
2066
2070
2075
2079
2082
2083
2094
2095
2096
2098
2106
2108
2109
2114
2115
2117
2120
2124
2125
2128
2129
2132
2137
2139
2143
2144
2145
2151
2155
2158
2164
2166
2167
2171
2173
2176
2177
2181
2183
2185
2186
2187
2189
2192
2194
2195
2197
2200
2201
2203
2205
2206
2207
2214
2215
2216
2217
2218
2223
2226
2227
2230
2231
2232
2235
2245
2249
2253
2255
2264
2265
2266
2267
2271
2275
2276
2279
2280
2282
2285
2287
2290
2292
2294
2295
2296
2298
2300
2303
2305
2306
2307
2309
2312
2313
2316
2317
2319
2321
2326
2328
2331
2332
2333
2335
2336
2337
2338
2339
2340
2342
2343
2345
2349
2355
2362
2365
2366
2368
2369
2372
2373
2379
2381
2386
2393
2394
2395
2397
2399
2403
2406
2409
2411
2412
2413
2416
2418
2419
2430
2436
2439
2444
2448
2453
2455
2461
2462
2465
2466
2467
2470
2473
2474
2475
2480
2482
2485
2488
2489
2494
2497
2498
2499
2500
2502
2506
2507
2510
2512
2513
2514
2516
2518
2520
2521
2522
2523
2524
2526
2527
2529
2532
2533
2534
2541
2543
2544
2550
2553
2559
2561
2563
2565
2569
2574
2575
2582
2586
2587
2588
2589
2591
2598
2600
2603
2606
2608
2614
37
5
6
7
19
20
22
23
26
28
32
41
46
56
57
61
65
72
78
81
84
92
94
96
99
107
110
111
112
116
118
122
131
134
144
146
153
157
