467
4
9
10
11
12
15
19
20
22
25
35
38
40
43
44
49
57
69
73
75
81
82
89
104
106
109
115
116
117
123
124
125
127
130
134
136
137
141
148
156
158
159
160
176
177
180
191
197
209
210
211
213
214
217
218
221
230
233
236
237
243
247
249
259
262
266
269
273
274
281
285
288
289
295
299
307
310
312
318
320
323
328
337
340
350
355
357
362
367
369
377
381
382
383
385
390
398
399
401
403
415
416
417
419
423
429
430
434
456
458
461
464
465
467
479
483
485
486
487
501
510
511
512
513
523
529
533
539
549
551
557
563
572
577
580
582
585
586
589
594
597
603
609
610
612
618
626
643
649
659
669
679
683
694
698
700
705
707
709
715
717
721
734
739
741
754
759
762
767
778
782
800
803
832
837
839
840
845
855
863
869
879
885
889
890
891
903
908
910
920
924
929
938
939
941
948
951
967
968
975
976
977
979
984
986
987
996
1017
1019
1024
1025
1026
1029
1034
1036
1037
1040
1043
1051
1056
1059
1061
1065
1068
1074
1080
1084
1085
1087
1094
1104
1107
1110
1115
1121
1122
1124
1125
1131
1132
1133
1134
1141
1145
1147
1148
1153
1159
1161
1162
1163
1164
1165
1168
1169
1170
1176
1179
1188
1190
1217
1219
1220
1226
1238
1239
1243
1245
1252
1253
1255
1257
1258
1259
1260
1265
1266
1270
1283
1289
1291
1293
1295
1307
1308
1309
1317
1320
1323
1328
1330
1332
1340
1350
1353
1358
1366
1379
1382
1392
1405
1406
1410
1411
1413
1416
1418
1419
1424
1425
1430
1437
1441
1451
1455
1467
1483
1484
1492
1496
1502
1503
1506
1507
1510
1511
1521
1525
1535
1542
1546
1548
1551
1555
1559
1561
1570
1571
1574
1582
1586
1595
1600
1602
1605
1606
1608
1609
1611
1617
1622
1627
1633
1635
1636
1640
1654
1658
1665
1668
1671
1673
1676
1677
1679
1681
1686
1690
1692
1696
1698
1710
1724
1729
1736
1738
1740
1742
1746
1752
1754
1758
1761
1779
1781
1788
1794
1804
1806
1807
1810
1813
1816
1819
1821
1823
1826
1834
1836
1857
1869
1881
1888
1892
1902
1904
1905
1908
1910
1912
1914
1916
1926
1938
1941
1943
1945
1950
1952
1955
1956
1961
1977
1983
1986
1988
1990
2000
2001
2008
2009
2014
2017
2018
2019
2026
2036
2037
2041
2051
2075
2082
2085
2095
2101
2102
2108
2113
2122
2128
2129
2132
2134
2137
2139
2140
2143
2145
2147
2153
2158
2169
2172
2173
2180
2181
2184
127
0
1
2
3
4
6
7
9
10
13
15
16
17
18
19
20
21
22
23
26
28
29
30
31
32
33
40
41
42
43
44
45
46
47
48
49
50
53
54
55
56
58
59
60
61
62
64
66
67
68
69
70
71
72
73
74
75
77
78
79
80
81
82
83
84
85
86
90
91
92
93
94
95
96
97
98
99
100
105
106
107
108
109
111
112
114
118
119
120
121
122
123
124
125
126
127
128
131
132
133
134
135
136
137
138
140
141
145
146
147
148
149
150
151
152
153
154
156
157
159
160
161
162
163
164
165
166
