148
0
1
6
11
20
25
30
31
46
50
54
56
57
66
70
79
89
107
109
110
111
112
134
138
140
150
153
160
164
184
185
193
199
201
208
217
221
244
255
264
265
266
267
268
273
284
291
292
296
302
308
309
323
326
341
344
345
349
352
355
359
368
369
375
384
385
389
393
394
399
400
402
404
406
413
427
433
448
450
451
452
464
468
470
472
474
491
495
499
501
507
509
518
520
538
547
558
559
560
571
585
598
603
611
620
627
631
636
651
652
653
656
709
712
716
730
732
738
742
747
753
754
759
764
768
799
813
820
824
825
833
849
850
862
879
891
897
939
947
956
962
968
976
990
992
996
1007
1016
48
8
10
20
21
34
44
50
53
54
55
66
68
69
90
99
100
101
113
114
115
128
136
138
146
154
157
160
188
199
200
202
215
223
238
239
240
258
259
278
280
287
296
298
308
323
351
352
365
