2724
0
1
2
4
7
9
10
11
12
16
18
24
30
32
33
36
60
65
70
81
87
91
92
93
98
100
101
102
105
108
112
113
118
119
120
122
124
125
127
129
140
142
143
144
147
152
153
155
157
163
165
166
167
168
171
177
180
182
184
185
186
189
190
191
192
193
198
199
202
203
206
207
208
209
210
212
214
215
216
218
221
223
224
228
230
232
233
234
237
239
240
249
253
255
260
262
269
270
272
278
279
281
283
287
288
292
297
298
300
303
305
306
310
314
317
318
320
323
326
333
334
335
338
339
343
347
350
352
356
358
360
367
374
375
387
389
409
412
417
420
423
429
430
436
438
442
449
451
454
460
467
477
483
499
502
504
510
515
523
527
541
553
561
562
570
571
572
585
588
590
598
610
613
614
618
619
624
625
627
628
643
645
649
652
656
660
662
665
666
669
671
672
681
683
693
698
702
703
708
712
737
738
756
757
761
768
769
786
788
792
795
798
806
812
815
830
831
834
835
839
848
849
872
881
892
896
898
917
921
929
933
934
936
937
943
948
949
953
974
985
1003
1009
1011
1012
1013
1014
1015
1016
1019
1020
1025
1029
1031
1032
1033
1034
1035
1038
1040
1041
1044
1046
1047
1048
1049
1050
1051
1054
1056
1062
1063
1067
1068
1070
1073
1075
1077
1078
1081
1083
1084
1085
1087
1089
1090
1091
1093
1097
1098
1099
1105
1108
1109
1110
1111
1112
1113
1114
1116
1118
1119
1120
1121
1122
1123
1125
1127
1129
1130
1131
1132
1133
1134
1135
1137
1138
1139
1140
1141
1144
1145
1149
1150
1151
1152
1153
1156
1158
1159
1161
1169
1170
1171
1173
1175
1178
1180
1184
1185
1188
1193
1197
1200
1201
1202
1203
1206
1207
1208
1213
1215
1217
1220
1225
1226
1229
1231
1233
1238
1240
1242
1243
1252
1253
1255
1256
1257
1258
1264
1266
1268
1270
1275
1276
1278
1279
1281
1283
1289
1291
1292
1293
1294
1295
1298
1299
1301
1304
1308
1310
1311
1316
1317
1319
1321
1323
1326
1327
1329
1330
1331
1333
1334
1336
1341
1342
1344
1347
1351
1354
1355
1357
1359
1360
1361
1363
1364
1370
1371
1372
1378
1379
1380
1384
1386
1389
1393
1396
1397
1399
1400
1402
1403
1405
1409
1410
1411
1412
1417
1418
1422
1424
1427
1428
1430
1432
1436
1439
1444
1449
1450
1456
1458
1460
1461
1464
1465
1466
1467
1468
1471
1474
1480
1483
1486
1488
1489
1494
1498
1499
1500
1501
1503
1506
1507
1511
1513
1514
1515
1520
1521
1522
1523
1524
1525
1527
1532
1533
1534
1536
1538
1542
1544
1545
1549
1550
1551
1554
1555
1557
1558
1559
1560
1561
1562
1565
1566
1567
1569
1573
1574
1575
1576
1579
1583
1585
1589
1590
1593
1594
1596
1597
1602
1603
1604
1606
1616
1619
1620
1621
1627
1628
1630
1634
1635
1638
1639
1640
1641
1645
1650
1652
1653
1654
1655
1663
1666
1671
1672
1673
1674
1678
1685
1690
1692
1698
1700
1701
1702
1704
1706
1708
1709
1711
1713
1714
1715
1716
1717
1719
1722
1723
1724
1725
1729
1731
1732
1733
1734
1735
1736
1737
1738
1740
1741
1742
1745
1748
1749
1750
1752
1754
1756
1758
1761
1763
1764
1765
1766
1768
1772
1776
1777
1782
1784
1790
1794
1795
1796
1797
1799
1801
1802
1804
1805
1806
1807
1809
1812
1815
1816
1817
1819
1820
1822
1824
1825
1826
1828
1830
1831
1833
1834
1837
1838
1839
1841
1842
1844
1845
1848
1855
1859
1860
1862
1863
1864
1866
1869
1871
1874
1875
1878
1879
1880
1884
1886
1887
1889
1890
1893
1894
1896
1900
1902
1903
1905
1906
1908
1913
1915
1917
1922
1923
1924
1925
1926
1928
1930
1933
1935
1938
1939
1940
1941
1942
1945
1946
1947
1948
1949
1950
1953
1954
1956
1957
1959
1960
1962
1964
1969
1970
1972
1974
1975
1977
1978
1979
1981
1987
1989
1990
1991
1992
1994
1995
1996
1998
2000
2001
2002
2003
2008
2009
2012
2013
2015
2019
2023
2024
2026
2029
2030
2031
2033
2034
2036
2037
2041
2042
2045
2048
2049
2051
2054
2061
2064
2066
2067
2068
2070
2072
2073
2075
2080
2083
2084
2086
2087
2095
2096
2097
2098
2100
2101
2104
2105
2106
2107
2108
2109
2111
2116
2117
2122
2124
2125
2126
2127
2128
2133
2134
2137
2140
2142
2143
2145
2146
2147
2148
2150
2151
2154
2155
2156
2161
2163
2164
2166
2168
2170
2174
2175
2177
2182
2183
2185
2186
2188
2189
2191
2193
2195
2200
2202
2203
2204
2205
2207
2210
2212
2213
2214
2216
2218
2221
2222
2225
2228
2231
2236
2237
2238
2240
2241
2244
2248
2253
2254
2259
2261
2263
2267
2268
2270
2271
2272
2275
2278
2279
2283
2288
2289
2290
2300
2306
2307
2312
2320
2321
2324
2325
2326
2327
2328
2329
2330
2331
2332
2333
2334
2338
2339
2340
2342
2344
2346
2349
2350
2351
2356
2357
2358
2359
2360
2364
2366
2368
2370
2371
2375
2377
2380
2381
2382
2383
2384
2385
2386
2388
2390
2391
2392
2393
2398
2401
2402
2407
2408
2409
2410
2414
2417
2418
2421
2422
2423
2425
2428
2433
2434
2435
2439
2441
2443
2446
2449
2452
2453
2455
2456
2459
2461
2462
2467
2469
2471
2472
2473
2477
2481
2483
2485
2488
2490
2493
2497
2499
2502
2503
2504
2505
2507
2509
2514
2517
2521
2524
2525
2526
2527
2530
2532
2533
2534
2535
2536
2537
2538
2542
2545
2547
2548
2553
2554
2555
2556
2560
2561
2563
2565
2566
2567
2568
2569
2570
2571
2572
2574
2576
2577
2579
2580
2581
2583
2584
2586
2587
2589
2590
2592
2594
2595
2597
2599
2602
2604
2606
2608
2610
2612
2614
2616
2618
2619
2620
2624
2629
2632
2635
2638
2639
2641
2644
2647
2648
2650
2652
2653
2658
2661
2662
2664
2669
2670
2673
2674
2679
2681
2683
2684
2686
2688
2689
2691
2692
2698
2699
2703
2705
2706
2707
2708
2709
2710
2711
2712
2715
2716
2718
2720
2727
2731
2732
2733
2736
2737
2739
2740
2743
2748
2752
2753
2757
2762
2763
2764
2765
2766
2767
2768
2770
2772
2773
2774
2775
2779
2780
2781
2782
2786
2788
2792
2793
2794
2796
2801
2802
2805
2811
2812
2813
2814
2815
2821
2822
2823
2824
2826
2829
2831
2832
2833
2835
2836
2837
2838
2842
2847
2849
2852
2854
2857
2858
2859
2862
2863
2864
2865
2872
2873
2875
2876
2877
2885
2887
2889
2890
2896
2897
2901
2902
2904
2908
2910
2912
2913
2914
2916
2918
2919
2921
2924
2927
2929
2931
2933
2934
2941
2948
2952
2954
2955
2961
2968
2972
2974
2979
2981
2982
2983
2989
2991
2993
2995
2996
2997
3000
3003
3006
3007
3010
3013
3017
3019
3021
3022
3024
3026
3029
3030
3032
3035
3037
3038
3039
3041
3042
3043
3045
3046
3047
3050
3052
3053
3054
3055
3058
3061
3062
3063
3065
3066
3069
3072
3075
3076
3081
3083
3086
3088
3089
3090
3093
3094
3097
3098
3100
3101
3105
3106
3107
3110
3111
3113
3114
3119
3121
3122
3123
3124
3126
3127
3128
3129
3130
3132
3134
3137
3143
3144
3145
3147
3148
3152
3153
3154
3157
3160
3163
3165
3170
3172
3174
3176
3178
3182
3183
3184
3186
3187
3188
3193
3195
3197
3198
3199
3203
3204
3206
3209
3212
3214
3215
3216
3217
3222
3224
3225
3228
3229
3230
3231
3232
3233
3234
3235
3238
3239
3242
3244
3246
3247
3248
3249
3251
3254
3257
3258
3260
3261
3265
3266
3267
3268
3272
3273
3277
3278
3279
3281
3286
3289
3290
3291
3293
3296
3297
3298
3300
3302
3305
3306
3307
3308
3309
3311
3318
3323
3324
3325
3329
3330
3331
3332
3333
3335
3336
3337
3339
3341
3345
3346
3348
3350
3354
3363
3365
3366
3367
3368
3369
3372
3373
3374
3376
3377
3378
3380
3382
3383
3386
3387
3388
3389
3392
3393
3394
3398
3401
3404
3407
3408
3410
3413
3414
3415
3418
3419
3421
3422
3423
3429
3431
3432
3437
3443
3448
3449
3453
3455
3456
3458
3460
3462
3463
3464
3466
3467
3471
3472
3474
3475
3476
3477
3480
3481
3482
3485
3487
3490
3491
3494
3495
3497
3502
3503
3504
3505
3506
3507
3511
3514
3515
3516
3518
3521
3523
3524
3529
3530
3531
3532
3533
3542
3550
3554
3557
3558
3559
3560
3562
3565
3569
3571
3574
3576
3577
3583
3584
3587
3590
3595
3598
3599
3600
3601
3610
3611
3612
3614
3615
3618
3621
3624
3626
3627
3629
3633
3637
3638
3640
3643
3644
3645
3646
3651
3653
3655
3656
3658
3659
3660
3662
3663
3666
3668
3669
3673
3674
3675
3677
3678
3680
3683
3684
3686
3687
3688
3695
3696
3697
3700
3701
3703
3705
3706
3708
3709
3710
3713
3717
3718
3720
3724
3726
3727
3728
3730
3734
3735
3736
3740
3743
3744
3748
3750
3751
3752
3753
3759
3768
3771
3773
3776
3780
3800
3805
3812
3836
3846
3854
3858
3863
3874
3877
3878
3880
3917
3936
3937
3938
3944
3955
3959
3965
3975
3991
3997
4011
4012
4029
4031
4034
4040
4046
4050
4056
4067
4073
4087
4094
4108
4110
4111
4112
4113
4118
4122
4125
4132
4136
4139
4153
4164
4175
4178
4191
4196
4199
4203
4208
4210
4212
4221
4226
4234
4250
4251
4254
4270
4282
4305
4306
4311
4314
4318
4319
4326
4336
4346
4358
4366
4379
4409
4410
4413
4420
4425
4427
4429
4447
4449
4459
4467
4476
4486
4488
4491
4494
4504
4506
4508
4527
4533
4537
4544
4556
4559
4562
4565
4567
4568
4591
4598
4599
4607
4610
4622
4623
4628
4636
4639
4650
4652
4654
4656
4658
4664
4670
4673
4679
4686
4696
4704
4705
4709
4710
4713
4717
4730
4734
4742
4747
4752
4760
4763
4772
4774
4779
4780
4791
4794
4805
4806
4808
4814
4846
4852
4855
4857
4862
4883
4884
4887
4890
4892
4894
4899
4903
4904
4909
4915
4916
4918
4919
4922
4925
4935
4936
4938
4939
4942
4953
4968
4973
4996
4997
5000
5003
5010
5016
5021
5046
5051
5052
5054
5055
5060
5061
5064
5065
5072
5087
5103
5107
5108
5110
5111
5125
5129
5141
5159
5161
5171
5175
5186
5192
5199
5217
5247
5256
5258
5261
5266
5268
5274
5286
5289
5293
5299
5305
5306
5324
5328
5329
5337
5345
5346
5349
5351
5352
5358
5365
5367
5378
5380
5383
5384
5387
5389
5390
5391
5393
5401
5404
5421
5426
5442
5444
5449
5453
5455
5457
5459
5469
5479
5480
5491
5492
5494
5496
5497
5501
5502
5504
5517
5521
5522
5523
5527
5532
5534
5540
5543
5544
5547
5548
5556
5576
5577
5587
5592
5600
5610
5615
5619
5621
5623
5625
5626
5628
5634
5636
5639
5645
5656
5679
5680
5681
5682
5694
5703
5704
5706
5709
5715
5721
5722
5723
5725
5736
5740
5745
5752
5778
5782
5784
5785
5802
5804
5816
5824
5830
5832
5833
5836
5848
5857
5867
5875
5877
5879
5882
5886
5887
5892
5897
5901
5903
5910
5916
5918
5919
5940
5942
5944
5947
5968
5970
5990
6003
6017
6018
6022
6029
6037
6046
6048
6050
6054
6063
6064
6065
6067
6086
6090
6113
6130
6131
6134
6135
6143
6149
6150
6159
6163
6170
6171
6175
6176
6177
6181
6182
6191
6197
6198
6201
6203
6216
6222
6238
6240
6246
6251
6254
6261
6280
6281
6282
6293
6301
6310
6311
6318
6322
6331
6333
6338
6339
6345
6348
6353
6359
6363
6368
6369
6372
6398
6411
6413
6422
6425
6433
6434
6442
6453
6454
6455
6456
6457
6463
6471
6474
6479
6481
6486
6500
6504
6524
6525
6526
6546
6547
6556
6558
6565
6566
6567
6582
6594
6596
6597
6598
6602
6606
6618
6640
6642
6653
6657
6659
6669
6673
6675
6680
6687
6689
6693
6695
6696
6704
6707
6715
6718
6720
6733
6738
6740
6743
6760
6763
6771
6779
6782
6797
6798
6818
6822
6825
6827
6828
6845
6847
6863
6875
6877
6882
6883
6895
6899
6906
6907
6908
6910
6916
6918
6922
6925
6931
6940
6958
6959
6968
6969
6974
6981
6982
6991
7000
7009
7017
7030
7033
7034
7044
7053
7059
7066
7074
7087
7102
7106
7114
7122
7127
7130
7134
7147
7149
7152
7161
7162
7175
7176
7190
7195
7206
7214
7221
7242
7243
7245
7250
7256
7258
7270
7280
7284
7287
7313
7315
7319
7323
7327
7328
7330
7331
7338
7342
7345
7354
7361
7366
7371
7373
7375
7381
7383
7391
7396
7410
7422
7434
7437
7441
7452
7456
7460
7491
7498
7501
7512
7529
7530
7545
7549
7572
7576
7577
7578
7583
7591
7598
7600
7604
7610
7612
7615
7631
7632
7636
7646
7656
7665
7666
7668
7681
7683
7684
7689
7699
7701
7704
7705
7706
7710
7723
7724
7728
7729
7731
7745
7747
7756
7759
7767
7769
7773
7786
7794
7805
7814
7842
7855
7858
7862
7863
7864
7868
7873
7874
7876
7892
7900
7915
7920
7928
7929
7932
7934
7937
7941
7945
7956
7959
7970
7976
7981
7986
8001
8006
8010
8021
8025
8027
8033
8036
8042
8045
8052
8065
8069
8071
8077
8081
8082
8086
8087
8092
8094
8103
8112
8114
8128
8135
8137
8143
8149
8153
8160
8162
8163
8177
8184
8199
8203
8204
8206
8215
8226
8230
8234
8239
8240
8252
8258
8266
8268
8272
8279
8281
8284
8289
8291
8294
8296
8300
8301
8306
8309
8310
8316
8318
8326
8334
8340
8343
8345
8352
8358
8372
8373
8395
8399
8403
8408
8413
8416
8419
8421
8438
8460
8467
8470
8485
8487
8488
8490
8497
8500
8504
8505
8510
8525
8532
8534
8536
8546
8558
8569
8571
8577
8597
8600
8601
8604
8607
8610
8618
8623
8627
8631
8639
8647
8652
8660
8665
8667
8696
8698
8707
8710
8722
8729
8730
8740
8741
8759
8765
8767
8772
8776
8783
8799
8806
8818
8820
8822
8823
8829
8833
8837
8840
8842
8844
8848
8851
8857
8858
8870
8877
8887
8893
8895
8903
8912
8915
8922
8923
8931
8934
8936
8943
8953
8954
8961
8973
8974
8975
8983
8989
8993
8995
9006
9009
9031
9032
9037
9041
9043
9048
9049
9051
9060
9070
9075
9076
9079
9103
9116
9125
9135
9139
9142
9162
9172
9173
9176
9195
9197
9199
9202
9207
9209
9212
9216
9217
9220
9225
9229
9237
9243
9251
9263
9270
9277
9278
9280
9281
9286
9292
9299
9304
9307
9313
9326
9328
9330
9331
9334
9336
9337
9340
9354
9357
9359
9361
9373
9375
9384
9387
9389
9414
9415
9423
9424
9426
9429
9432
9441
9445
9452
9457
9459
9468
9475
9483
9485
9488
9495
9505
9513
9514
9515
9517
9522
9533
9534
9536
9548
9550
9553
9557
9558
9559
9563
9568
9578
9579
9580
9582
9590
9599
9612
9613
9629
9636
9640
9641
9645
9646
9649
9661
9666
9672
9674
9683
9685
9701
9703
9704
9706
9717
9718
9720
9728
9732
9735
9740
9751
9760
9762
9775
9776
9792
9801
9809
9812
9815
9826
9836
9840
9841
9854
9860
9866
9867
9878
9890
9895
9896
9899
9904
9908
9915
9916
9919
9926
9928
9929
9941
9945
9946
9966
9972
9973
9979
9982
9985
10000
10007
10010
10012
10017
10018
10019
10023
10028
10029
10033
10034
10036
10038
10044
10048
10049
10051
10052
10060
10061
10062
10066
10068
10070
10071
10073
10074
10075
10077
10081
10082
10085
10086
10087
10088
10090
10091
10094
10096
10097
10098
10099
10102
10104
10107
10109
10112
10113
10115
10122
10126
10127
10128
10130
10133
10135
10136
10139
10140
10141
10145
10149
10150
10151
10152
10153
10155
10162
10163
10164
10165
10166
10167
10168
10172
10176
10179
10181
10189
10191
10192
10193
10194
10195
10196
10199
10200
10201
10203
10204
10205
10208
10209
10211
10216
10217
10220
10221
10223
10224
10225
10226
10228
10230
10231
10233
10237
10238
10242
10247
10248
10252
10257
10259
10263
10266
10267
10269
10271
10272
10276
10277
10279
10283
10284
10285
10292
10293
10294
10295
10296
10297
10299
10300
10303
10305
10307
10308
10309
10311
10313
10316
10317
10318
10321
10322
10323
10324
10326
10329
10331
10337
10340
32
0
2
5
17
30
31
33
42
43
45
58
63
73
75
77
85
88
91
101
117
119
130
134
144
146
149
160
164
172
174
175
178
