615
0
3
4
9
10
12
14
17
19
20
21
22
28
29
31
33
34
37
38
39
40
43
44
45
46
88
89
90
91
92
93
94
95
96
97
98
99
100
102
104
105
106
108
111
114
121
122
123
125
127
128
132
134
138
140
145
148
149
150
151
153
154
157
158
160
161
164
167
169
172
173
174
177
179
180
185
187
188
191
192
194
195
197
200
203
204
205
207
214
215
216
218
219
220
221
225
227
228
229
230
234
236
237
238
239
241
243
246
248
249
250
251
253
254
256
257
258
260
262
263
264
265
266
270
272
276
277
279
280
282
283
285
288
289
290
292
294
296
297
299
300
302
305
306
307
309
310
313
314
320
321
323
325
327
328
329
332
333
337
339
342
344
345
347
348
349
351
355
356
358
362
364
366
367
368
369
372
373
376
380
382
387
389
392
394
395
397
398
401
402
406
410
411
417
422
425
427
429
431
433
434
437
439
441
443
445
447
451
452
454
459
460
463
466
471
472
475
679
873
875
876
877
879
880
881
882
883
885
886
887
888
889
891
892
893
894
895
896
897
898
899
900
902
903
904
905
906
907
908
909
910
911
912
913
914
915
916
917
918
919
920
921
922
923
924
925
926
927
928
929
930
931
932
934
935
936
937
938
939
940
941
942
943
944
945
946
948
949
950
951
952
953
954
955
956
957
958
959
960
961
962
963
964
965
966
968
969
970
971
972
973
974
976
977
978
980
981
982
983
984
985
987
988
989
991
992
993
994
995
996
997
998
999
1001
1003
1004
1007
1009
1010
1013
1016
1017
1018
1019
1020
1023
1024
1026
1027
1032
1033
1034
1035
1036
1037
1039
1040
1043
1044
1045
1050
1052
1053
1057
1061
1063
1064
1065
1066
1067
1070
1071
1072
1074
1077
1079
1086
1088
1089
1090
1091
1092
1094
1096
1102
1104
1108
1109
1110
1111
1112
1117
1125
1128
1130
1131
1132
1135
1141
1142
1143
1144
1147
1148
1149
1151
1152
1156
1157
1158
1159
1160
1161
1162
1163
1165
1166
1167
1168
1169
1171
1172
1174
1176
1180
1182
1183
1184
1186
1188
1189
1190
1194
1195
1196
1202
1203
1205
1206
1208
1219
1225
1229
1230
1231
1232
1233
1234
1237
1239
1240
1241
1251
1253
1257
1260
1261
1262
1263
1268
1270
1273
1275
1276
1280
1282
1284
1285
1291
1295
1296
1299
1301
1303
1306
1308
1309
1312
1314
1315
1316
1324
1326
1327
1329
1334
1336
1338
1339
1340
1341
1342
1353
1355
1359
1360
1361
1362
1364
1366
1369
1371
1377
1380
1381
1384
1385
1386
1387
1390
1392
1393
1394
1396
1397
1399
1400
1401
1402
1404
1405
1406
1409
1411
1413
1415
1416
1420
1422
1423
1424
1425
1426
1427
1428
1429
1430
1431
1433
1434
1436
1438
1441
1442
1445
1447
1451
1452
1453
1454
1455
1456
1457
1460
1461
1462
1463
1466
1468
1470
1472
1474
1478
1480
1487
1489
1491
1492
1495
1496
1504
1505
1506
1507
1511
1514
1518
1521
1523
1524
1525
1526
1531
1532
1534
1535
1536
1537
1543
1544
1545
1546
1548
1550
1554
1555
1562
1564
1570
1572
1573
1574
1578
1580
1581
1583
1585
1586
1587
1589
1590
1593
1597
1599
1600
176
0
1
3
4
5
8
10
12
13
15
16
17
19
21
22
27
30
31
32
36
38
39
40
41
42
45
46
51
53
54
55
59
64
68
71
73
80
85
86
88
92
93
98
99
100
101
102
103
105
108
109
110
111
112
113
114
115
118
119
120
122
124
125
126
127
128
129
131
132
133
138
139
143
144
145
146
148
149
150
153
154
156
157
158
160
162
163
164
167
170
172
173
175
176
182
184
186
187
188
191
193
196
198
199
200
205
206
207
210
213
214
215
218
224
228
229
231
232
234
237
239
240
243
245
247
248
252
253
257
260
266
267
268
271
274
275
283
285
286
289
293
294
297
298
301
305
309
311
312
313
317
318
322
325
326
327
331
332
333
334
338
339
344
345
346
350
358
360
363
364
367
372
373
374
378
379
