709
6
8
9
16
17
26
30
42
43
44
53
54
57
65
68
77
80
83
93
98
104
115
119
120
122
124
125
126
131
133
135
138
140
142
143
144
146
147
149
155
162
163
165
169
170
171
175
178
181
186
190
193
195
198
201
212
222
223
225
228
230
234
238
239
240
241
244
245
248
256
263
265
267
268
275
280
285
291
292
293
302
311
315
316
317
321
328
330
334
336
337
341
349
350
352
357
359
363
364
365
367
371
378
384
385
388
397
401
402
406
412
420
422
428
429
432
434
440
441
446
452
455
460
461
465
468
473
476
477
478
482
483
484
488
489
494
499
503
508
509
514
515
519
535
539
541
542
552
554
556
559
563
564
565
572
577
579
583
590
594
596
597
612
613
617
618
625
629
633
638
646
647
649
652
653
655
656
661
662
668
670
673
674
675
679
684
690
692
694
698
707
708
710
712
713
714
715
720
725
727
731
736
738
739
740
744
745
746
749
753
761
764
766
768
769
774
777
781
783
786
787
796
799
802
807
808
809
813
823
824
825
826
830
835
836
837
843
846
848
853
855
864
867
870
876
877
884
888
892
893
896
901
904
907
910
920
923
928
932
936
940
953
957
962
968
970
975
979
984
986
993
994
996
997
998
1001
1002
1005
1007
1009
1035
1036
1037
1043
1047
1048
1049
1062
1063
1079
1088
1089
1093
1096
1099
1101
1102
1103
1107
1110
1112
1113
1117
1121
1130
1134
1137
1139
1141
1143
1146
1147
1149
1153
1159
1163
1164
1177
1178
1183
1186
1189
1190
1192
1199
1202
1206
1207
1208
1220
1221
1225
1226
1229
1230
1239
1244
1245
1248
1253
1254
1262
1263
1266
1278
1280
1281
1288
1294
1306
1307
1308
1309
1314
1321
1322
1328
1331
1334
1335
1340
1342
1343
1344
1346
1355
1356
1357
1360
1374
1377
1381
1383
1396
1398
1399
1400
1402
1409
1414
1421
1424
1426
1429
1434
1435
1441
1442
1445
1448
1449
1456
1458
1460
1461
1463
1465
1466
1474
1476
1482
1484
1485
1492
1500
1505
1513
1516
1517
1519
1521
1530
1534
1535
1537
1550
1552
1555
1562
1564
1570
1571
1575
1578
1581
1582
1584
1585
1589
1592
1594
1596
1600
1602
1604
1605
1607
1613
1621
1622
1627
1628
1629
1633
1638
1643
1649
1650
1655
1656
1658
1661
1663
1666
1669
1672
1677
1681
1685
1688
1691
1694
1695
1696
1703
1704
1706
1712
1714
1717
1718
1721
1723
1727
1728
1729
1731
1732
1733
1736
1739
1740
1741
1742
1743
1760
1765
1766
1767
1773
1779
1780
1784
1786
1788
1791
1794
1797
1803
1810
1811
1816
1818
1828
1832
1837
1842
1843
1844
1847
1849
1854
1855
1858
1860
1867
1868
1869
1871
1877
1887
1892
1903
1907
1916
1921
1922
1927
1928
1939
1942
1959
1961
1963
1964
1965
1968
1974
1984
1987
1988
1992
1993
1994
1998
2001
2002
2006
2007
2012
2023
2028
2034
2035
2037
2039
2041
2045
2046
2049
2050
2051
2056
2059
2060
2066
2070
2071
2075
2079
2094
2095
2108
2117
2120
2124
2125
2126
2129
2132
2137
2142
2143
2145
2151
2155
2164
2176
2187
2195
2197
2201
2203
2205
2207
2214
2215
2218
2227
2230
2231
2235
2245
2255
2265
2267
2269
2271
2275
2276
2282
2285
2286
2290
2292
2295
2298
2300
2303
2306
2307
2312
2313
2317
2319
2326
2328
2331
2332
2333
2335
2338
2339
2343
2349
2354
2355
2361
2365
2366
2368
2369
2372
2373
2379
2381
2394
2395
2397
2399
2403
2404
2409
2411
2412
2416
2418
2430
2436
2444
2447
2448
2450
2455
2465
2466
2470
2473
2474
2475
2478
2488
2489
2494
2499
2500
2502
2507
2510
2511
2512
2513
2514
2515
2516
2518
2520
2521
2522
2524
2526
2529
2532
2543
2544
2546
2550
2559
2561
2563
2565
2567
2569
2586
2589
2591
2595
2603
2623
24
4
5
19
20
21
23
46
51
56
57
81
83
84
94
96
99
110
112
116
122
123
127
146
157
