3198
0
1
2
8
9
11
12
13
14
16
17
18
19
20
21
22
23
24
26
27
28
39
43
47
59
60
79
80
81
82
83
84
85
86
87
88
89
90
91
92
93
94
95
96
97
98
99
100
101
102
103
104
105
106
107
108
110
111
112
113
114
115
116
117
118
119
120
121
122
123
124
125
126
127
128
129
131
132
133
134
135
136
137
138
140
141
142
143
144
145
146
147
148
149
150
153
154
155
156
157
158
159
160
161
162
163
164
165
166
167
168
169
170
171
172
173
174
175
176
177
179
180
181
182
183
184
185
186
188
189
190
191
192
193
194
195
196
197
198
199
200
201
202
205
206
207
208
209
210
211
212
213
214
215
216
217
218
219
220
222
224
225
226
227
228
229
230
231
233
235
236
237
238
239
240
241
243
244
245
246
247
248
249
250
251
252
253
254
255
256
257
258
259
260
261
262
264
265
266
267
268
269
270
271
272
273
274
275
276
277
278
279
280
281
282
283
285
286
291
294
297
314
322
334
344
345
353
376
377
386
394
422
433
438
445
461
462
463
469
471
472
474
486
490
496
498
499
500
507
510
511
530
534
535
540
541
553
558
581
584
589
592
596
599
607
608
617
622
623
625
632
639
663
672
688
704
724
741
773
785
786
787
788
789
790
791
792
793
794
795
796
797
799
800
801
802
803
804
805
807
808
809
810
813
814
815
816
817
818
819
820
821
822
823
824
825
826
827
828
830
831
832
833
834
835
836
838
839
841
842
843
844
845
846
847
848
849
851
852
853
854
856
857
858
859
860
861
862
863
864
865
866
868
870
871
872
874
875
876
878
879
880
881
882
883
884
885
886
887
888
889
890
891
892
893
894
895
896
897
899
900
902
903
904
905
906
907
908
909
910
911
912
913
916
918
919
920
922
923
924
925
926
927
929
931
932
933
934
936
938
940
941
942
943
944
945
947
948
949
950
951
952
953
954
956
957
958
960
961
962
963
964
965
968
971
972
973
975
976
977
978
979
980
982
983
984
985
986
989
990
991
992
993
994
995
996
998
999
1000
1001
1002
1003
1004
1005
1006
1007
1008
1009
1010
1011
1012
1013
1014
1015
1016
1017
1018
1020
1021
1023
1025
1026
1028
1029
1030
1031
1032
1033
1034
1035
1037
1038
1039
1040
1041
1042
1043
1044
1045
1046
1047
1048
1049
1051
1052
1054
1055
1056
1057
1058
1059
1060
1061
1062
1063
1064
1065
1066
1067
1068
1069
1070
1071
1072
1073
1074
1075
1077
1078
1079
1080
1081
1082
1083
1084
1085
1086
1087
1088
1089
1090
1091
1092
1093
1094
1095
1096
1097
1098
1099
1100
1101
1102
1103
1104
1105
1106
1107
1108
1109
1111
1112
1113
1114
1115
1116
1117
1118
1119
1120
1121
1123
1124
1125
1126
1127
1128
1129
1130
1131
1132
1133
1134
1135
1136
1137
1138
1139
1140
1141
1143
1144
1145
1146
1148
1149
1150
1151
1152
1154
1155
1156
1157
1158
1159
1160
1161
1162
1163
1164
1165
1166
1167
1168
1169
1170
1171
1172
1174
1175
1176
1177
1178
1179
1180
1181
1182
1183
1185
1186
1187
1188
1189
1190
1191
1192
1193
1194
1195
1196
1197
1198
1199
1200
1201
1203
1204
1205
1207
1208
1209
1210
1211
1212
1213
1214
1215
1217
1220
1221
1223
1224
1225
1226
1228
1229
1230
1231
1232
1233
1234
1235
1236
1238
1239
1240
1241
1242
1243
1244
1245
1246
1247
1249
1250
1251
1252
1253
1254
1255
1256
1257
1258
1259
1260
1261
1262
1263
1264
1265
1266
1267
1268
1273
1274
1275
1276
1277
1278
1279
1280
1281
1282
1283
1284
1286
1287
1288
1289
1290
1291
1292
1293
1295
1296
1297
1298
1299
1300
1301
1302
1304
1305
1306
1307
1308
1309
1310
1311
1312
1313
1314
1315
1317
1318
1319
1320
1321
1322
1323
1324
1326
1327
1328
1329
1330
1331
1332
1333
1334
1337
1338
1339
1340
1341
1342
1343
1344
1346
1348
1349
1350
1351
1352
1354
1355
1356
1357
1359
1360
1362
1363
1364
1366
1367
1368
1369
1370
1371
1372
1373
1374
1375
1376
1377
1378
1379
1380
1381
1382
1383
1384
1385
1386
1387
1388
1389
1390
1391
1392
1393
1394
1395
1396
1397
1398
1399
1400
1402
1403
1404
1405
1406
1407
1408
1409
1410
1411
1412
1413
1414
1415
1416
1417
1418
1419
1420
1421
1422
1423
1424
1425
1426
1427
1428
1429
1430
1431
1432
1433
1434
1435
1436
1437
1438
1439
1440
1441
1442
1443
1444
1445
1446
1447
1448
1449
1450
1451
1453
1454
1455
1456
1457
1458
1459
1460
1461
1462
1463
1464
1465
1466
1467
1468
1469
1470
1471
1472
1473
1475
1476
1477
1478
1479
1480
1481
1482
1483
1484
1485
1486
1487
1488
1489
1490
1491
1492
1495
1496
1497
1498
1499
1500
1502
1503
1504
1505
1506
1507
1509
1510
1511
1512
1513
1514
1515
1516
1517
1518
1519
1520
1521
1522
1523
1524
1525
1526
1528
1529
1530
1531
1532
1534
1535
1536
1537
1538
1539
1540
1541
1542
1543
1544
1545
1546
1547
1548
1549
1551
1552
1553
1554
1555
1556
1557
1558
1559
1560
1561
1562
1563
1565
1566
1567
1568
1569
1570
1571
1572
1573
1574
1575
1577
1578
1579
1580
1581
1582
1583
1584
1585
1586
1587
1588
1589
1590
1591
1592
1593
1594
1595
1596
1597
1598
1599
1600
1601
1602
1603
1604
1605
1606
1607
1608
1610
1611
1613
1614
1615
1616
1617
1618
1619
1620
1621
1622
1623
1624
1625
1626
1627
1628
1629
1630
1631
1632
1633
1634
1635
1636
1638
1639
1640
1641
1642
1644
1645
1646
1648
1649
1650
1651
1652
1653
1654
1656
1657
1658
1659
1660
1661
1662
1663
1664
1665
1666
1667
1668
1669
1670
1671
1672
1673
1674
1675
1676
1677
1678
1679
1680
1681
1682
1683
1684
1685
1686
1687
1688
1689
1690
1692
1693
1694
1695
1696
1697
1698
1699
1700
1701
1702
1703
1704
1705
1706
1707
1708
1709
1710
1711
1712
1713
1714
1715
1718
1719
1720
1721
1722
1723
1724
1725
1727
1728
1729
1730
1731
1732
1733
1734
1735
1736
1737
1738
1740
1741
1742
1743
1744
1745
1746
1747
1748
1749
1751
1752
1753
1754
1755
1756
1758
1759
1760
1761
1762
1763
1764
1765
1766
1767
1768
1769
1771
1773
1774
1775
1776
1777
1778
1779
1781
1782
1783
1785
1786
1787
1788
1789
1790
1791
1792
1793
1794
1795
1796
1797
1798
1799
1800
1801
1802
1803
1804
1805
1806
1808
1809
1810
1811
1812
1813
1814
1815
1816
1817
1818
1819
1820
1821
1822
1823
1824
1825
1826
1827
1828
1829
1830
1831
1832
1833
1834
1835
1837
1838
1839
1840
1841
1842
1843
1844
1845
1846
1847
1850
1851
1852
1853
1854
1855
1856
1857
1858
1859
1860
1861
1862
1863
1864
1865
1867
1869
1870
1871
1872
1873
1874
1875
1876
1877
1878
1879
1880
1881
1882
1883
1885
1886
1887
1888
1889
1890
1891
1892
1893
1894
1895
1897
1898
1899
1900
1901
1902
1903
1904
1905
1906
1907
1908
1909
1910
1911
1912
1913
1914
1916
1917
1919
1920
1921
1922
1923
1924
1925
1926
1927
1928
1929
1932
1933
1934
1935
1936
1937
1938
1939
1940
1942
1943
1944
1945
1946
1947
1948
1949
1950
1952
1953
1954
1955
1956
1957
1958
1959
1960
1961
1962
1964
1965
1967
1968
1969
1970
1972
1973
1975
1976
1977
1978
1979
1980
1981
1982
1983
1984
1985
1986
1988
1989
1990
1991
1993
1994
1995
1998
1999
2000
2001
2002
2004
2006
2007
2008
2009
2010
2011
2012
2013
2014
2015
2016
2018
2019
2020
2021
2022
2023
2024
2025
2026
2027
2028
2029
2030
2031
2032
2033
2034
2035
2036
2037
2038
2039
2040
2041
2042
2043
2045
2046
2048
2050
2051
2052
2053
2054
2055
2056
2057
2058
2059
2060
2061
2062
2063
2064
2065
2066
2067
2068
2070
2071
2072
2073
2074
2075
2076
2077
2079
2080
2081
2082
2083
2084
2085
2086
2087
2088
2089
2090
2091
2093
2094
2096
2097
2098
2099
2100
2101
2102
2103
2104
2105
2108
2109
2110
2111
2112
2113
2114
2115
2116
2118
2119
2120
2121
2122
2123
2124
2125
2126
2127
2128
2129
2130
2131
2132
2133
2134
2135
2136
2137
2138
2139
2140
2141
2142
2143
2144
2145
2147
2148
2149
2150
2151
2152
2153
2154
2155
2156
2157
2158
2159
2160
2161
2162
2163
2164
2165
2166
2168
2169
2170
2171
2172
2173
2174
2175
2176
2177
2178
2179
2180
2181
2182
2183
2184
2185
2186
2187
2188
2189
2190
2191
2192
2193
2194
2195
2196
2198
2199
2200
2201
2202
2203
2204
2205
2207
2209
2210
2211
2212
2213
2214
2215
2216
2217
2218
2219
2220
2221
2223
2224
2225
2226
2227
2228
2229
2230
2231
2232
2233
2234
2235
2236
2237
2238
2239
2240
2241
2242
2244
2245
2246
2247
2248
2249
2250
2251
2252
2253
2254
2255
2256
2258
2259
2260
2261
2262
2263
2264
2265
2266
2267
2268
2269
2272
2273
2274
2275
2276
2277
2278
2279
2280
2281
2282
2283
2284
2285
2286
2287
2288
2289
2290
2291
2292
2294
2295
2296
2297
2298
2299
2300
2301
2302
2303
2304
2305
2306
2307
2308
2309
2311
2312
2314
2315
2316
2317
2318
2319
2320
2321
2322
2323
2325
2326
2327
2328
2329
2330
2331
2332
2333
2334
2335
2336
2337
2338
2339
2340
2341
2342
2344
2345
2346
2347
2348
2349
2350
2351
2352
2354
2355
2356
2357
2358
2359
2360
2361
2362
2363
2364
2365
2366
2367
2369
2370
2371
2372
2373
2374
2375
2376
2377
2378
2379
2380
2381
2382
2383
2385
2386
2387
2388
2389
2390
2391
2392
2393
2394
2395
2396
2397
2398
2399
2400
2401
2402
2403
2404
2405
2406
2407
2408
2409
2410
2411
2412
2413
2414
2415
2416
2417
2418
2419
2420
2421
2422
2423
2424
2425
2426
2428
2429
2430
2431
2432
2433
2434
2435
2436
2437
2438
2439
2440
2441
2442
2443
2444
2445
2446
2447
2448
2449
2450
2451
2452
2453
2454
2456
2457
2458
2459
2460
2461
2462
2463
2464
2465
2466
2467
2468
2469
2470
2472
2473
2474
2475
2476
2477
2478
2479
2480
2481
2482
2483
2484
2485
2486
2487
2488
2489
2490
2491
2492
2493
2494
2495
2496
2497
2498
2499
2500
2501
2502
2503
2504
2505
2506
2507
2508
2509
2511
2512
2513
2515
2516
2517
2518
2519
2520
2523
2524
2525
2526
2527
2528
2530
2531
2532
2533
2534
2535
2536
2537
2538
2539
2540
2542
2543
2544
2545
2546
2547
2548
2549
2550
2551
2552
2553
2554
2555
2556
2557
2558
2559
2560
2561
2562
2563
2564
2565
2566
2567
2568
2569
2570
2571
2572
2573
2574
2575
2576
2577
2578
2579
2580
2581
2582
2583
2584
2585
2586
2587
2588
2589
2590
2591
2593
2594
2595
2596
2598
2599
2600
2601
2602
2603
2604
2605
2606
2607
2608
2609
2610
2611
2612
2613
2616
2618
2619
2620
2621
2622
2623
2624
2625
2626
2627
2629
2631
2632
2634
2635
2636
2637
2638
2639
2640
2641
2643
2644
2645
2646
2647
2649
2650
2651
2652
2653
2654
2655
2656
2657
2658
2659
2660
2661
2662
2663
2664
2665
2666
2667
2668
2669
2670
2671
2672
2673
2674
2675
2676
2677
2678
2679
2680
2681
2682
2683
2684
2685
2686
2687
2688
2689
2690
2691
2692
2693
2694
2695
2696
2697
2699
2700
2702
2703
2704
2705
2706
2707
2708
2709
2710
2711
2712
2713
2715
2716
2717
2718
2719
2720
2721
2722
2723
2724
2725
2726
2727
2728
2729
2730
2731
2732
2733
2734
2735
2736
2737
2738
2739
2740
2741
2742
2743
2744
2745
2746
2747
2748
2749
2750
2751
2752
2753
2754
2755
2756
2757
2758
2759
2760
2762
2764
2765
2766
2767
2768
2769
2771
2772
2773
2774
2775
2776
2777
2778
2779
2780
2781
2782
2783
2784
2785
2786
2787
2788
2789
2790
2791
2792
2793
2794
2795
2796
2797
2798
2799
2800
2801
2802
2803
2804
2805
2806
2807
2808
2809
2810
2811
2813
2814
2815
2816
2817
2818
2819
2820
2821
2823
2824
2826
2827
2828
2829
2830
2831
2832
2833
2834
2836
2837
2838
2839
2840
2841
2842
2843
2845
2846
2848
2849
2850
2852
2854
2856
2857
2858
2859
2861
2862
2869
2873
2877
2882
2892
2917
2926
2949
2954
2970
2975
2983
2991
2996
2998
3007
3012
3036
3037
3040
3046
3049
3075
3079
3085
3091
3100
3102
3121
3130
3140
3144
3156
3179
3192
3193
3201
3232
3248
3250
3251
3253
3254
3263
3271
3284
3314
3316
3346
3348
3352
3361
3363
3365
3369
3390
3393
3423
3432
3439
3451
3455
3457
3493
3496
3503
3506
3516
3520
3524
3543
3562
3578
3581
3599
3627
3645
3662
3668
3671
3685
3703
3706
3713
3720
3736
3742
3748
3756
3774
3777
3785
3792
3814
3822
3830
3839
3863
3876
3886
3889
3894
3909
3913
3930
3939
3977
3985
4006
4008
4015
4035
4081
4083
4094
4105
4111
4123
4132
4142
4179
4186
4192
4201
4216
4220
4230
4238
4278
4300
4307
4337
4339
4367
4372
4373
4375
4378
4380
4385
4420
4423
4427
4431
4439
4444
4448
4451
4453
4454
4455
4472
4478
4483
4486
4487
4491
4505
4507
4517
4518
4519
4525
4533
4534
4541
4545
4546
4549
4554
4559
4566
4569
4574
4575
4577
4580
4585
4587
4590
4591
4595
4602
4603
4607
4609
4611
4612
4615
4621
4630
4633
4636
4637
4645
4660
4670
4679
4685
4688
4692
4699
4700
4703
4709
4711
4716
4719
4721
4723
4727
4729
4730
4732
4736
4739
4740
4742
4746
4748
4757
4759
4763
4779
4787
4808
4823
4831
4838
4847
4850
4859
4866
4867
4882
4892
4900
4910
4942
4955
4972
4996
5011
5017
5023
5047
5064
5076
5077
5084
5086
5097
5098
5106
5110
5111
5113
5115
5120
5121
5143
5159
5163
5168
5172
5177
5181
5205
5211
5223
5224
5226
5230
5241
5244
5257
5267
5321
5322
5332
5345
5363
5364
5385
5389
5394
5399
5400
5419
5429
5434
5446
5460
5470
5471
5474
5489
5506
5511
5518
5522
5533
5534
5554
5563
5577
5599
5609
5611
5612
5633
5645
5659
5660
5664
5667
5672
5674
5679
5685
5708
5711
5727
5744
5747
5748
5767
5772
5774
5775
5791
5794
5805
5807
5813
5843
5844
5851
5875
5880
5912
5915
5931
5943
5952
5966
5977
5989
5996
5999
6004
6010
6026
6049
6050
6053
6056
6057
6061
6062
6072
6080
6098
6099
6111
6119
6123
6128
6131
6133
6142
6156
6161
6165
6171
6183
6187
6188
6190
6196
6201
6209
6214
6221
6230
6231
6238
6242
6248
6252
6265
6269
6270
6275
6287
6294
6301
6302
6306
6317
6326
6381
6393
6395
6397
6399
6406
6408
6417
6422
6423
6428
6436
6442
6465
6470
6492
6493
6498
6514
6518
6524
6527
6538
6540
6549
6567
6577
6582
6589
6590
6599
6608
6611
6615
6621
6623
6625
6633
6637
6653
6682
6708
6727
6733
6745
6746
6748
6751
6756
6761
6768
6771
6778
6783
6797
6805
6816
6818
6821
6826
6829
6832
6833
6846
6848
6853
6859
6873
6875
6880
6895
6900
6901
6903
6915
6919
6932
6944
6945
6949
6960
6973
6981
6992
7012
7021
7022
7030
7042
7086
7091
7097
7115
7123
7136
7152
7157
7163
7171
7177
7183
7191
7198
7216
7236
7297
7305
7308
7316
7329
7344
7346
7348
7356
7369
7373
7375
7397
7404
7406
7429
7434
7436
7462
7470
7482
7486
7495
7500
7503
7509
7510
7521
7530
7546
7548
7549
7570
7587
7593
7602
7603
7606
7644
7648
7650
7652
7657
7658
7659
7665
7676
7679
7702
7716
7720
7723
7732
7739
7742
7744
7755
7760
7763
7775
7785
7796
7829
7833
7843
7846
7849
7850
7851
7852
7853
7854
7855
7857
7858
7859
7860
7861
7862
7863
7864
7865
7866
7867
7868
7869
7872
7873
7874
7875
7876
7878
7879
7880
7882
7883
7884
7886
7887
7889
7890
7891
7892
7893
7894
7895
7897
7898
7899
7900
7901
7902
7903
7904
7905
7906
7907
7908
7910
7911
7912
7913
7914
7915
7916
7917
7918
7919
7920
7921
7922
7923
7924
7925
7926
7927
7928
7929
7930
7931
7932
7933
7934
7935
7936
7937
7939
7940
7941
7942
7943
7944
7945
7946
7947
7948
7949
7950
7951
7952
7953
7954
7955
7956
7957
7958
7961
7962
7963
7964
7965
7966
7967
7968
7969
7970
7972
7973
7975
7976
7977
7978
7979
7980
7981
7982
7983
7984
7985
7986
7987
7988
7989
7990
7992
7993
7994
7996
7997
7998
7999
8000
8001
8002
8003
8004
8005
8006
8007
8008
8009
8010
8011
8012
8013
8014
8015
8016
8017
8018
8019
8020
8021
8022
8023
8024
8025
8026
8027
8028
8029
8030
8032
8033
8034
8035
8036
8037
8039
8040
8041
8042
8044
8045
8046
8047
8048
8049
8051
8052
8053
8054
8055
8056
8057
8058
8059
8060
8062
8063
8064
8065
8066
8067
8068
8069
8071
8072
8074
8075
8077
8078
8079
8080
8083
8085
8086
8087
8088
8091
8092
8094
8095
8096
8097
8098
8099
8100
8101
8102
8103
8104
8105
8106
8107
8108
8109
8110
8111
8112
8113
8115
8116
8117
8118
8119
8120
8121
8122
8123
8124
8125
8126
8127
8128
8129
8130
8131
8132
8133
8134
8135
8136
8137
8138
8139
8140
8142
8143
8144
8145
8146
8147
8148
8149
8151
8152
8153
8154
8155
8156
8158
8160
8161
8162
8163
8164
8165
8166
8170
8171
8172
8173
8174
8175
8176
8178
8179
8180
8183
8185
8186
8187
8189
8190
8191
8192
8193
8194
8195
8197
8198
8199
8200
8201
8202
8203
8204
8205
8206
8207
8208
8209
8210
8211
8212
8213
8215
8216
8217
8218
8219
8220
8221
8222
8223
8224
8225
8226
8228
8229
8230
8231
8232
8233
8234
8235
8236
8237
8238
8239
8240
8241
8242
8243
8244
8245
8246
8248
8249
8250
8252
8253
8254
8255
8256
8257
8258
8260
8261
8262
8263
8264
8265
8266
8270
8273
8274
8275
8276
8277
8278
8279
8280
8281
8282
8283
8284
8285
8286
8287
8288
8289
8290
8291
8293
8294
8295
8296
8298
8299
8300
8301
8302
8303
8304
8305
8306
8308
8309
8310
8311
8312
8315
8316
8317
8318
8319
8320
8321
8322
8323
8324
8325
8326
8327
8328
8329
8330
8331
8332
8333
8335
8336
8337
8338
8339
8340
8341
8342
8343
8344
8345
8346
8347
8349
8350
8351
8352
8353
8354
8355
8356
8357
8358
8359
8360
8361
8363
8364
8365
8366
8367
8368
8369
8371
8372
8373
8374
324
1
2
3
4
5
6
7
8
9
10
11
12
14
17
18
20
24
25
26
27
28
29
31
32
33
34
35
36
38
39
43
44
45
46
47
53
55
56
57
58
59
60
61
62
63
64
65
66
67
69
70
71
72
74
76
78
79
80
81
83
84
85
86
87
88
89
90
91
93
95
96
97
99
101
102
103
104
105
106
107
108
109
110
111
112
114
115
117
121
122
123
124
125
126
127
128
129
130
131
132
133
134
135
136
138
139
141
142
143
144
145
146
147
149
150
151
152
153
154
155
156
157
159
160
161
164
165
168
169
170
171
172
173
174
175
176
177
178
179
180
182
184
189
191
192
193
194
195
196
197
198
199
200
201
202
203
204
205
207
208
209
213
215
216
217
218
219
220
221
222
223
224
225
226
227
228
229
230
232
233
234
237
238
239
241
242
243
244
245
246
247
248
249
250
251
252
253
254
255
256
257
258
261
263
264
265
266
268
269
270
271
272
273
274
275
276
277
279
280
281
282
286
288
290
292
293
294
295
296
297
298
299
300
301
302
303
304
305
306
310
311
312
314
316
317
319
320
321
322
324
325
326
327
329
330
332
333
334
335
336
337
338
340
341
342
343
344
345
346
347
348
349
350
351
353
354
355
358
359
360
361
362
363
365
366
367
368
369
370
372
373
374
375
376
377
378
379
380
381
382
383
384
387
388
389
390
391
393
394
395
396
397
398
399
400
401
402
403
404
405
406
407
408
411
